Run No 	 Compute Time (ms) 	 Avg Compute Time (ms) 	 tConvolveRGB 	 treluq7_1 	 tmaxpool_1 	 tconvolveQ7Fast_1 	 treluq7_2 	 tmaxpool_2 	 tconvolveQ7Fast_2 	 treluq7_3 	 tmaxpool_3 	 tfullconnect 	 tsoftmax
1 	 4.029000 	 4.029000 	 2.653000 	 0.099000 	 0.176000 	 0.796000 	 0.013000 	 0.021000 	 0.242000 	 0.003000 	 0.011000 	 0.008000 	 0.000000
2 	 3.919000 	 3.974000 	 2.545000 	 0.097000 	 0.200000 	 0.787000 	 0.012000 	 0.022000 	 0.237000 	 0.004000 	 0.010000 	 0.003000 	 0.000000
3 	 3.887000 	 3.945000 	 2.542000 	 0.098000 	 0.171000 	 0.788000 	 0.012000 	 0.023000 	 0.237000 	 0.003000 	 0.011000 	 0.002000 	 0.000000
4 	 3.884000 	 3.929750 	 2.540000 	 0.098000 	 0.173000 	 0.786000 	 0.012000 	 0.021000 	 0.236000 	 0.004000 	 0.010000 	 0.002000 	 0.000000
5 	 4.526000 	 4.049000 	 3.130000 	 0.099000 	 0.172000 	 0.786000 	 0.012000 	 0.021000 	 0.282000 	 0.003000 	 0.015000 	 0.002000 	 0.001000
6 	 4.318000 	 4.093833 	 2.967000 	 0.099000 	 0.173000 	 0.788000 	 0.013000 	 0.021000 	 0.239000 	 0.003000 	 0.011000 	 0.002000 	 0.001000
7 	 4.172000 	 4.105000 	 2.821000 	 0.098000 	 0.174000 	 0.789000 	 0.012000 	 0.021000 	 0.238000 	 0.003000 	 0.010000 	 0.003000 	 0.000000
8 	 3.897000 	 4.079000 	 2.551000 	 0.098000 	 0.173000 	 0.787000 	 0.012000 	 0.022000 	 0.237000 	 0.004000 	 0.010000 	 0.002000 	 0.001000
9 	 3.884000 	 4.057333 	 2.540000 	 0.098000 	 0.173000 	 0.787000 	 0.012000 	 0.021000 	 0.236000 	 0.003000 	 0.011000 	 0.002000 	 0.000000
10 	 4.051000 	 4.056700 	 2.653000 	 0.098000 	 0.176000 	 0.821000 	 0.012000 	 0.022000 	 0.250000 	 0.003000 	 0.011000 	 0.003000 	 0.000000
11 	 3.935000 	 4.045636 	 2.584000 	 0.098000 	 0.173000 	 0.791000 	 0.012000 	 0.022000 	 0.238000 	 0.003000 	 0.011000 	 0.002000 	 0.000000
12 	 4.290000 	 4.066000 	 2.903000 	 0.102000 	 0.171000 	 0.814000 	 0.012000 	 0.022000 	 0.247000 	 0.003000 	 0.011000 	 0.003000 	 0.000000
13 	 4.580000 	 4.105538 	 2.570000 	 0.127000 	 0.171000 	 1.134000 	 0.016000 	 0.027000 	 0.497000 	 0.006000 	 0.011000 	 0.016000 	 0.000000
14 	 4.364000 	 4.124000 	 2.920000 	 0.100000 	 0.226000 	 0.818000 	 0.012000 	 0.022000 	 0.241000 	 0.003000 	 0.011000 	 0.005000 	 0.000000
15 	 3.893000 	 4.108600 	 2.538000 	 0.101000 	 0.175000 	 0.793000 	 0.012000 	 0.021000 	 0.237000 	 0.003000 	 0.011000 	 0.002000 	 0.000000
16 	 4.116000 	 4.109062 	 2.760000 	 0.103000 	 0.172000 	 0.789000 	 0.012000 	 0.022000 	 0.237000 	 0.003000 	 0.011000 	 0.003000 	 0.001000
17 	 4.200000 	 4.114412 	 2.680000 	 0.099000 	 0.249000 	 0.830000 	 0.012000 	 0.021000 	 0.282000 	 0.003000 	 0.011000 	 0.006000 	 0.000000
18 	 4.124000 	 4.114944 	 2.689000 	 0.097000 	 0.173000 	 0.874000 	 0.012000 	 0.021000 	 0.238000 	 0.003000 	 0.011000 	 0.002000 	 0.001000
19 	 3.928000 	 4.105105 	 2.544000 	 0.099000 	 0.172000 	 0.823000 	 0.012000 	 0.022000 	 0.238000 	 0.004000 	 0.010000 	 0.003000 	 0.000000
20 	 3.888000 	 4.094250 	 2.542000 	 0.097000 	 0.174000 	 0.787000 	 0.012000 	 0.021000 	 0.237000 	 0.003000 	 0.011000 	 0.002000 	 0.000000
21 	 4.198000 	 4.099190 	 2.840000 	 0.103000 	 0.174000 	 0.790000 	 0.012000 	 0.021000 	 0.238000 	 0.003000 	 0.011000 	 0.003000 	 0.000000
22 	 4.014000 	 4.095318 	 2.665000 	 0.099000 	 0.171000 	 0.789000 	 0.012000 	 0.021000 	 0.238000 	 0.003000 	 0.011000 	 0.002000 	 0.000000
23 	 3.934000 	 4.088304 	 2.584000 	 0.102000 	 0.171000 	 0.788000 	 0.013000 	 0.021000 	 0.238000 	 0.003000 	 0.011000 	 0.002000 	 0.000000
24 	 4.394000 	 4.101042 	 3.044000 	 0.099000 	 0.172000 	 0.787000 	 0.013000 	 0.021000 	 0.239000 	 0.003000 	 0.010000 	 0.003000 	 0.000000
25 	 4.672000 	 4.123880 	 2.610000 	 0.106000 	 0.179000 	 1.461000 	 0.014000 	 0.027000 	 0.249000 	 0.003000 	 0.011000 	 0.007000 	 0.000000
26 	 4.394000 	 4.134269 	 2.930000 	 0.098000 	 0.239000 	 0.823000 	 0.012000 	 0.022000 	 0.247000 	 0.003000 	 0.011000 	 0.003000 	 0.000000
27 	 3.896000 	 4.125444 	 2.546000 	 0.099000 	 0.171000 	 0.790000 	 0.012000 	 0.021000 	 0.239000 	 0.003000 	 0.011000 	 0.002000 	 0.000000
28 	 3.931000 	 4.118500 	 2.584000 	 0.097000 	 0.172000 	 0.787000 	 0.013000 	 0.021000 	 0.238000 	 0.003000 	 0.011000 	 0.002000 	 0.000000
29 	 3.933000 	 4.112103 	 2.576000 	 0.103000 	 0.173000 	 0.792000 	 0.012000 	 0.021000 	 0.238000 	 0.003000 	 0.011000 	 0.002000 	 0.000000
30 	 3.978000 	 4.107633 	 2.544000 	 0.100000 	 0.209000 	 0.821000 	 0.014000 	 0.023000 	 0.247000 	 0.004000 	 0.011000 	 0.003000 	 0.000000
31 	 3.988000 	 4.103774 	 2.602000 	 0.098000 	 0.172000 	 0.795000 	 0.013000 	 0.021000 	 0.246000 	 0.004000 	 0.031000 	 0.003000 	 0.000000
32 	 3.930000 	 4.098344 	 2.585000 	 0.099000 	 0.170000 	 0.787000 	 0.012000 	 0.021000 	 0.238000 	 0.003000 	 0.011000 	 0.002000 	 0.000000
33 	 4.267000 	 4.103455 	 2.602000 	 0.125000 	 0.363000 	 0.873000 	 0.012000 	 0.021000 	 0.243000 	 0.004000 	 0.011000 	 0.004000 	 0.000000
34 	 4.016000 	 4.100882 	 2.598000 	 0.098000 	 0.171000 	 0.787000 	 0.013000 	 0.021000 	 0.309000 	 0.003000 	 0.011000 	 0.002000 	 0.000000
35 	 3.898000 	 4.095086 	 2.546000 	 0.102000 	 0.172000 	 0.787000 	 0.012000 	 0.022000 	 0.239000 	 0.003000 	 0.011000 	 0.002000 	 0.000000
36 	 3.926000 	 4.090389 	 2.581000 	 0.097000 	 0.173000 	 0.787000 	 0.012000 	 0.021000 	 0.238000 	 0.003000 	 0.011000 	 0.002000 	 0.000000
37 	 3.896000 	 4.085135 	 2.550000 	 0.098000 	 0.172000 	 0.787000 	 0.012000 	 0.022000 	 0.237000 	 0.003000 	 0.011000 	 0.002000 	 0.000000
38 	 3.908000 	 4.080474 	 2.562000 	 0.098000 	 0.172000 	 0.788000 	 0.012000 	 0.021000 	 0.238000 	 0.003000 	 0.011000 	 0.002000 	 0.000000
39 	 3.896000 	 4.075744 	 2.544000 	 0.102000 	 0.173000 	 0.789000 	 0.012000 	 0.021000 	 0.238000 	 0.003000 	 0.011000 	 0.002000 	 0.000000
40 	 4.072000 	 4.075650 	 2.588000 	 0.100000 	 0.223000 	 0.837000 	 0.014000 	 0.024000 	 0.265000 	 0.003000 	 0.011000 	 0.003000 	 0.001000
41 	 4.055000 	 4.075146 	 2.605000 	 0.099000 	 0.174000 	 0.801000 	 0.013000 	 0.021000 	 0.316000 	 0.004000 	 0.015000 	 0.004000 	 0.000000
42 	 3.929000 	 4.071667 	 2.581000 	 0.102000 	 0.171000 	 0.787000 	 0.013000 	 0.021000 	 0.236000 	 0.003000 	 0.010000 	 0.002000 	 0.001000
43 	 3.889000 	 4.067419 	 2.540000 	 0.102000 	 0.173000 	 0.787000 	 0.012000 	 0.022000 	 0.237000 	 0.003000 	 0.011000 	 0.002000 	 0.000000
44 	 3.883000 	 4.063227 	 2.539000 	 0.098000 	 0.173000 	 0.785000 	 0.012000 	 0.021000 	 0.236000 	 0.003000 	 0.011000 	 0.002000 	 0.000000
45 	 3.882000 	 4.059200 	 2.540000 	 0.098000 	 0.173000 	 0.785000 	 0.012000 	 0.021000 	 0.236000 	 0.003000 	 0.011000 	 0.002000 	 0.000000
46 	 4.253000 	 4.063413 	 2.777000 	 0.099000 	 0.174000 	 0.902000 	 0.012000 	 0.022000 	 0.248000 	 0.003000 	 0.011000 	 0.003000 	 0.000000
47 	 3.932000 	 4.060617 	 2.583000 	 0.098000 	 0.174000 	 0.788000 	 0.012000 	 0.021000 	 0.239000 	 0.003000 	 0.011000 	 0.002000 	 0.000000
48 	 4.068000 	 4.060771 	 2.716000 	 0.102000 	 0.173000 	 0.789000 	 0.012000 	 0.021000 	 0.238000 	 0.003000 	 0.011000 	 0.002000 	 0.000000
49 	 3.893000 	 4.057347 	 2.545000 	 0.103000 	 0.172000 	 0.787000 	 0.013000 	 0.021000 	 0.236000 	 0.003000 	 0.011000 	 0.002000 	 0.000000
50 	 3.987000 	 4.055940 	 2.574000 	 0.120000 	 0.173000 	 0.818000 	 0.013000 	 0.023000 	 0.245000 	 0.003000 	 0.011000 	 0.004000 	 0.000000
51 	 4.418000 	 4.063039 	 2.985000 	 0.103000 	 0.170000 	 0.860000 	 0.014000 	 0.028000 	 0.238000 	 0.003000 	 0.011000 	 0.002000 	 0.000000
52 	 4.000000 	 4.061827 	 2.584000 	 0.099000 	 0.170000 	 0.852000 	 0.012000 	 0.022000 	 0.242000 	 0.003000 	 0.011000 	 0.003000 	 0.000000
53 	 4.159000 	 4.063660 	 2.810000 	 0.098000 	 0.172000 	 0.788000 	 0.012000 	 0.021000 	 0.239000 	 0.003000 	 0.011000 	 0.002000 	 0.000000
54 	 4.219000 	 4.066537 	 2.819000 	 0.098000 	 0.174000 	 0.824000 	 0.012000 	 0.022000 	 0.250000 	 0.003000 	 0.011000 	 0.003000 	 0.000000
55 	 3.994000 	 4.065218 	 2.601000 	 0.127000 	 0.184000 	 0.789000 	 0.012000 	 0.021000 	 0.238000 	 0.004000 	 0.010000 	 0.002000 	 0.000000
56 	 3.913000 	 4.062500 	 2.567000 	 0.098000 	 0.173000 	 0.785000 	 0.013000 	 0.021000 	 0.239000 	 0.003000 	 0.011000 	 0.002000 	 0.000000
57 	 3.895000 	 4.059561 	 2.549000 	 0.097000 	 0.172000 	 0.788000 	 0.012000 	 0.021000 	 0.238000 	 0.003000 	 0.011000 	 0.002000 	 0.000000
58 	 3.894000 	 4.056707 	 2.550000 	 0.098000 	 0.170000 	 0.789000 	 0.013000 	 0.021000 	 0.237000 	 0.003000 	 0.011000 	 0.002000 	 0.000000
59 	 3.888000 	 4.053847 	 2.542000 	 0.099000 	 0.173000 	 0.787000 	 0.012000 	 0.021000 	 0.238000 	 0.003000 	 0.011000 	 0.002000 	 0.000000
60 	 3.998000 	 4.052917 	 2.611000 	 0.098000 	 0.175000 	 0.820000 	 0.013000 	 0.021000 	 0.241000 	 0.004000 	 0.011000 	 0.002000 	 0.001000
61 	 4.085000 	 4.053443 	 2.585000 	 0.099000 	 0.175000 	 0.927000 	 0.012000 	 0.021000 	 0.249000 	 0.003000 	 0.011000 	 0.003000 	 0.000000
62 	 4.231000 	 4.056306 	 2.597000 	 0.174000 	 0.277000 	 0.880000 	 0.012000 	 0.021000 	 0.243000 	 0.004000 	 0.011000 	 0.004000 	 0.000000
63 	 3.963000 	 4.054825 	 2.594000 	 0.099000 	 0.171000 	 0.785000 	 0.013000 	 0.021000 	 0.259000 	 0.004000 	 0.011000 	 0.002000 	 0.000000
64 	 4.091000 	 4.055391 	 2.740000 	 0.103000 	 0.172000 	 0.788000 	 0.012000 	 0.021000 	 0.238000 	 0.004000 	 0.010000 	 0.002000 	 0.001000
65 	 3.899000 	 4.052985 	 2.551000 	 0.098000 	 0.172000 	 0.789000 	 0.012000 	 0.021000 	 0.238000 	 0.003000 	 0.011000 	 0.002000 	 0.000000
66 	 3.893000 	 4.050561 	 2.543000 	 0.099000 	 0.173000 	 0.791000 	 0.012000 	 0.021000 	 0.237000 	 0.003000 	 0.011000 	 0.002000 	 0.000000
67 	 3.922000 	 4.048642 	 2.573000 	 0.098000 	 0.172000 	 0.787000 	 0.012000 	 0.021000 	 0.240000 	 0.003000 	 0.011000 	 0.003000 	 0.000000
68 	 3.891000 	 4.046324 	 2.542000 	 0.099000 	 0.173000 	 0.788000 	 0.012000 	 0.022000 	 0.238000 	 0.003000 	 0.010000 	 0.002000 	 0.000000
69 	 3.934000 	 4.044696 	 2.580000 	 0.102000 	 0.174000 	 0.789000 	 0.012000 	 0.021000 	 0.238000 	 0.004000 	 0.010000 	 0.002000 	 0.001000
70 	 4.066000 	 4.045000 	 2.635000 	 0.100000 	 0.182000 	 0.846000 	 0.013000 	 0.021000 	 0.251000 	 0.003000 	 0.011000 	 0.002000 	 0.000000
71 	 4.058000 	 4.045183 	 2.582000 	 0.103000 	 0.175000 	 0.899000 	 0.013000 	 0.021000 	 0.247000 	 0.003000 	 0.011000 	 0.003000 	 0.000000
72 	 4.166000 	 4.046861 	 2.821000 	 0.098000 	 0.171000 	 0.787000 	 0.012000 	 0.021000 	 0.238000 	 0.003000 	 0.011000 	 0.002000 	 0.000000
73 	 3.896000 	 4.044795 	 2.548000 	 0.097000 	 0.172000 	 0.792000 	 0.012000 	 0.022000 	 0.236000 	 0.003000 	 0.011000 	 0.002000 	 0.000000
74 	 3.905000 	 4.042905 	 2.543000 	 0.098000 	 0.173000 	 0.787000 	 0.012000 	 0.022000 	 0.252000 	 0.003000 	 0.011000 	 0.002000 	 0.000000
75 	 4.338000 	 4.046840 	 2.896000 	 0.099000 	 0.181000 	 0.861000 	 0.013000 	 0.021000 	 0.248000 	 0.003000 	 0.011000 	 0.003000 	 0.000000
76 	 3.947000 	 4.045526 	 2.603000 	 0.098000 	 0.170000 	 0.787000 	 0.013000 	 0.021000 	 0.238000 	 0.003000 	 0.011000 	 0.002000 	 0.000000
77 	 3.923000 	 4.043935 	 2.554000 	 0.097000 	 0.173000 	 0.787000 	 0.012000 	 0.021000 	 0.260000 	 0.003000 	 0.011000 	 0.002000 	 0.001000
78 	 3.924000 	 4.042397 	 2.578000 	 0.099000 	 0.173000 	 0.786000 	 0.013000 	 0.021000 	 0.237000 	 0.002000 	 0.011000 	 0.002000 	 0.001000
79 	 3.933000 	 4.041013 	 2.552000 	 0.098000 	 0.173000 	 0.786000 	 0.012000 	 0.022000 	 0.273000 	 0.003000 	 0.011000 	 0.002000 	 0.000000
80 	 4.038000 	 4.040975 	 2.631000 	 0.102000 	 0.184000 	 0.816000 	 0.013000 	 0.021000 	 0.250000 	 0.003000 	 0.011000 	 0.003000 	 0.000000
81 	 4.060000 	 4.041210 	 2.667000 	 0.104000 	 0.171000 	 0.818000 	 0.013000 	 0.021000 	 0.248000 	 0.003000 	 0.011000 	 0.002000 	 0.000000
82 	 3.898000 	 4.039463 	 2.552000 	 0.097000 	 0.173000 	 0.788000 	 0.012000 	 0.021000 	 0.238000 	 0.003000 	 0.011000 	 0.002000 	 0.000000
83 	 4.051000 	 4.039602 	 2.667000 	 0.120000 	 0.174000 	 0.792000 	 0.012000 	 0.021000 	 0.241000 	 0.003000 	 0.011000 	 0.005000 	 0.000000
84 	 4.133000 	 4.040714 	 2.681000 	 0.099000 	 0.218000 	 0.830000 	 0.013000 	 0.021000 	 0.248000 	 0.003000 	 0.011000 	 0.002000 	 0.000000
85 	 3.896000 	 4.039012 	 2.544000 	 0.102000 	 0.173000 	 0.788000 	 0.013000 	 0.021000 	 0.238000 	 0.003000 	 0.011000 	 0.002000 	 0.000000
86 	 3.962000 	 4.038116 	 2.582000 	 0.099000 	 0.172000 	 0.810000 	 0.013000 	 0.021000 	 0.248000 	 0.003000 	 0.011000 	 0.002000 	 0.000000
87 	 3.898000 	 4.036506 	 2.550000 	 0.099000 	 0.172000 	 0.788000 	 0.012000 	 0.021000 	 0.239000 	 0.003000 	 0.011000 	 0.002000 	 0.000000
88 	 3.964000 	 4.035682 	 2.588000 	 0.103000 	 0.173000 	 0.810000 	 0.012000 	 0.022000 	 0.238000 	 0.003000 	 0.011000 	 0.003000 	 0.000000
89 	 4.109000 	 4.036506 	 2.755000 	 0.098000 	 0.173000 	 0.792000 	 0.012000 	 0.021000 	 0.240000 	 0.003000 	 0.011000 	 0.002000 	 0.000000
90 	 3.990000 	 4.035989 	 2.631000 	 0.099000 	 0.174000 	 0.794000 	 0.012000 	 0.021000 	 0.239000 	 0.003000 	 0.011000 	 0.002000 	 0.001000
91 	 4.005000 	 4.035648 	 2.659000 	 0.098000 	 0.171000 	 0.787000 	 0.012000 	 0.021000 	 0.237000 	 0.003000 	 0.011000 	 0.003000 	 0.000000
92 	 3.970000 	 4.034935 	 2.582000 	 0.103000 	 0.175000 	 0.811000 	 0.012000 	 0.021000 	 0.247000 	 0.003000 	 0.011000 	 0.002000 	 0.001000
93 	 3.894000 	 4.033419 	 2.550000 	 0.098000 	 0.174000 	 0.785000 	 0.013000 	 0.021000 	 0.237000 	 0.003000 	 0.011000 	 0.002000 	 0.000000
94 	 3.891000 	 4.031904 	 2.546000 	 0.098000 	 0.172000 	 0.787000 	 0.013000 	 0.021000 	 0.237000 	 0.003000 	 0.011000 	 0.001000 	 0.001000
95 	 4.105000 	 4.032674 	 2.540000 	 0.102000 	 0.178000 	 0.924000 	 0.012000 	 0.023000 	 0.301000 	 0.003000 	 0.011000 	 0.009000 	 0.000000
96 	 3.991000 	 4.032240 	 2.639000 	 0.098000 	 0.173000 	 0.788000 	 0.012000 	 0.021000 	 0.238000 	 0.003000 	 0.011000 	 0.002000 	 0.000000
97 	 3.972000 	 4.031619 	 2.623000 	 0.099000 	 0.173000 	 0.787000 	 0.012000 	 0.021000 	 0.239000 	 0.003000 	 0.010000 	 0.002000 	 0.001000
98 	 3.893000 	 4.030204 	 2.547000 	 0.097000 	 0.173000 	 0.787000 	 0.012000 	 0.021000 	 0.238000 	 0.003000 	 0.011000 	 0.002000 	 0.000000
99 	 3.886000 	 4.028747 	 2.541000 	 0.098000 	 0.172000 	 0.788000 	 0.012000 	 0.021000 	 0.237000 	 0.003000 	 0.011000 	 0.002000 	 0.000000
100 	 3.982000 	 4.028280 	 2.614000 	 0.099000 	 0.175000 	 0.802000 	 0.012000 	 0.021000 	 0.238000 	 0.003000 	 0.010000 	 0.003000 	 0.000000
101 	 4.033000 	 4.028327 	 2.686000 	 0.098000 	 0.171000 	 0.787000 	 0.013000 	 0.021000 	 0.238000 	 0.003000 	 0.011000 	 0.002000 	 0.000000
102 	 3.973000 	 4.027784 	 2.622000 	 0.098000 	 0.174000 	 0.788000 	 0.012000 	 0.022000 	 0.238000 	 0.003000 	 0.011000 	 0.002000 	 0.001000
103 	 3.888000 	 4.026427 	 2.544000 	 0.101000 	 0.171000 	 0.786000 	 0.012000 	 0.021000 	 0.236000 	 0.003000 	 0.011000 	 0.002000 	 0.000000
104 	 4.192000 	 4.028019 	 2.750000 	 0.099000 	 0.172000 	 0.871000 	 0.020000 	 0.021000 	 0.239000 	 0.003000 	 0.011000 	 0.002000 	 0.000000
105 	 3.953000 	 4.027305 	 2.605000 	 0.098000 	 0.173000 	 0.788000 	 0.012000 	 0.021000 	 0.238000 	 0.003000 	 0.011000 	 0.002000 	 0.000000
106 	 3.894000 	 4.026047 	 2.553000 	 0.098000 	 0.170000 	 0.786000 	 0.013000 	 0.021000 	 0.236000 	 0.002000 	 0.011000 	 0.002000 	 0.000000
107 	 3.886000 	 4.024738 	 2.542000 	 0.098000 	 0.173000 	 0.787000 	 0.012000 	 0.021000 	 0.237000 	 0.003000 	 0.010000 	 0.002000 	 0.001000
108 	 3.883000 	 4.023426 	 2.539000 	 0.100000 	 0.172000 	 0.786000 	 0.012000 	 0.021000 	 0.236000 	 0.003000 	 0.011000 	 0.002000 	 0.000000
109 	 4.236000 	 4.025376 	 2.632000 	 0.098000 	 0.203000 	 1.001000 	 0.013000 	 0.022000 	 0.246000 	 0.004000 	 0.011000 	 0.002000 	 0.000000
110 	 3.928000 	 4.024491 	 2.579000 	 0.102000 	 0.172000 	 0.787000 	 0.012000 	 0.021000 	 0.238000 	 0.003000 	 0.011000 	 0.002000 	 0.000000
111 	 3.893000 	 4.023306 	 2.549000 	 0.099000 	 0.171000 	 0.787000 	 0.012000 	 0.021000 	 0.238000 	 0.003000 	 0.011000 	 0.002000 	 0.000000
112 	 4.235000 	 4.025196 	 2.700000 	 0.112000 	 0.244000 	 0.836000 	 0.014000 	 0.022000 	 0.280000 	 0.003000 	 0.011000 	 0.007000 	 0.001000
113 	 4.137000 	 4.026186 	 2.673000 	 0.098000 	 0.171000 	 0.882000 	 0.012000 	 0.022000 	 0.254000 	 0.003000 	 0.011000 	 0.003000 	 0.001000
114 	 4.575000 	 4.031000 	 3.231000 	 0.097000 	 0.171000 	 0.787000 	 0.012000 	 0.021000 	 0.237000 	 0.003000 	 0.011000 	 0.003000 	 0.000000
115 	 3.928000 	 4.030104 	 2.581000 	 0.097000 	 0.172000 	 0.788000 	 0.012000 	 0.021000 	 0.239000 	 0.003000 	 0.011000 	 0.002000 	 0.000000
116 	 4.430000 	 4.033552 	 2.896000 	 0.101000 	 0.259000 	 0.852000 	 0.013000 	 0.021000 	 0.262000 	 0.003000 	 0.011000 	 0.006000 	 0.000000
117 	 4.016000 	 4.033402 	 2.608000 	 0.099000 	 0.173000 	 0.836000 	 0.012000 	 0.021000 	 0.248000 	 0.003000 	 0.011000 	 0.002000 	 0.001000
118 	 3.979000 	 4.032941 	 2.604000 	 0.098000 	 0.173000 	 0.800000 	 0.012000 	 0.021000 	 0.250000 	 0.003000 	 0.011000 	 0.003000 	 0.000000
119 	 4.009000 	 4.032739 	 2.656000 	 0.103000 	 0.173000 	 0.788000 	 0.012000 	 0.021000 	 0.238000 	 0.003000 	 0.011000 	 0.002000 	 0.000000
120 	 4.162000 	 4.033817 	 2.687000 	 0.098000 	 0.229000 	 0.835000 	 0.013000 	 0.022000 	 0.248000 	 0.003000 	 0.011000 	 0.005000 	 0.001000
121 	 4.083000 	 4.034223 	 2.688000 	 0.097000 	 0.171000 	 0.833000 	 0.012000 	 0.022000 	 0.239000 	 0.003000 	 0.011000 	 0.002000 	 0.000000
122 	 3.949000 	 4.033525 	 2.567000 	 0.102000 	 0.172000 	 0.810000 	 0.012000 	 0.022000 	 0.247000 	 0.003000 	 0.011000 	 0.002000 	 0.000000
123 	 3.937000 	 4.032740 	 2.590000 	 0.098000 	 0.173000 	 0.787000 	 0.012000 	 0.022000 	 0.237000 	 0.003000 	 0.010000 	 0.002000 	 0.001000
124 	 4.193000 	 4.034032 	 2.763000 	 0.106000 	 0.175000 	 0.848000 	 0.012000 	 0.022000 	 0.248000 	 0.003000 	 0.011000 	 0.003000 	 0.000000
125 	 3.971000 	 4.033528 	 2.544000 	 0.098000 	 0.174000 	 0.787000 	 0.013000 	 0.021000 	 0.317000 	 0.003000 	 0.011000 	 0.002000 	 0.000000
126 	 3.889000 	 4.032381 	 2.542000 	 0.098000 	 0.173000 	 0.787000 	 0.012000 	 0.021000 	 0.238000 	 0.003000 	 0.011000 	 0.002000 	 0.000000
127 	 3.993000 	 4.032071 	 2.582000 	 0.098000 	 0.172000 	 0.811000 	 0.012000 	 0.021000 	 0.252000 	 0.003000 	 0.038000 	 0.002000 	 0.000000
128 	 4.213000 	 4.033484 	 2.623000 	 0.102000 	 0.171000 	 0.819000 	 0.012000 	 0.049000 	 0.412000 	 0.004000 	 0.014000 	 0.003000 	 0.000000
129 	 4.834000 	 4.039690 	 3.485000 	 0.098000 	 0.173000 	 0.788000 	 0.012000 	 0.022000 	 0.238000 	 0.003000 	 0.010000 	 0.003000 	 0.000000
130 	 3.968000 	 4.039138 	 2.586000 	 0.098000 	 0.174000 	 0.810000 	 0.012000 	 0.021000 	 0.249000 	 0.003000 	 0.011000 	 0.002000 	 0.000000
131 	 3.893000 	 4.038023 	 2.541000 	 0.103000 	 0.171000 	 0.788000 	 0.012000 	 0.021000 	 0.238000 	 0.003000 	 0.011000 	 0.002000 	 0.000000
132 	 4.107000 	 4.038545 	 2.602000 	 0.106000 	 0.199000 	 0.884000 	 0.022000 	 0.022000 	 0.245000 	 0.003000 	 0.011000 	 0.008000 	 0.000000
133 	 4.002000 	 4.038271 	 2.597000 	 0.097000 	 0.173000 	 0.790000 	 0.012000 	 0.021000 	 0.279000 	 0.003000 	 0.021000 	 0.002000 	 0.001000
134 	 3.894000 	 4.037194 	 2.544000 	 0.101000 	 0.173000 	 0.787000 	 0.012000 	 0.022000 	 0.237000 	 0.004000 	 0.010000 	 0.002000 	 0.001000
135 	 3.890000 	 4.036104 	 2.543000 	 0.097000 	 0.173000 	 0.788000 	 0.013000 	 0.021000 	 0.239000 	 0.003000 	 0.011000 	 0.002000 	 0.000000
136 	 3.886000 	 4.035000 	 2.541000 	 0.097000 	 0.173000 	 0.788000 	 0.012000 	 0.022000 	 0.236000 	 0.003000 	 0.011000 	 0.002000 	 0.000000
137 	 3.931000 	 4.034241 	 2.544000 	 0.098000 	 0.170000 	 0.787000 	 0.012000 	 0.021000 	 0.253000 	 0.003000 	 0.024000 	 0.015000 	 0.001000
138 	 4.093000 	 4.034667 	 2.695000 	 0.099000 	 0.173000 	 0.826000 	 0.012000 	 0.021000 	 0.248000 	 0.004000 	 0.010000 	 0.002000 	 0.000000
139 	 4.665000 	 4.039201 	 3.319000 	 0.099000 	 0.171000 	 0.786000 	 0.013000 	 0.021000 	 0.236000 	 0.003000 	 0.010000 	 0.004000 	 0.000000
140 	 4.156000 	 4.040036 	 2.554000 	 0.099000 	 0.173000 	 1.024000 	 0.013000 	 0.029000 	 0.241000 	 0.003000 	 0.011000 	 0.007000 	 0.000000
141 	 4.229000 	 4.041376 	 2.867000 	 0.099000 	 0.173000 	 0.798000 	 0.012000 	 0.021000 	 0.238000 	 0.003000 	 0.011000 	 0.002000 	 0.001000
142 	 3.919000 	 4.040514 	 2.569000 	 0.099000 	 0.172000 	 0.788000 	 0.012000 	 0.021000 	 0.240000 	 0.003000 	 0.011000 	 0.002000 	 0.000000
143 	 3.893000 	 4.039483 	 2.545000 	 0.102000 	 0.173000 	 0.786000 	 0.012000 	 0.021000 	 0.238000 	 0.003000 	 0.011000 	 0.002000 	 0.000000
144 	 3.886000 	 4.038417 	 2.540000 	 0.098000 	 0.173000 	 0.787000 	 0.013000 	 0.021000 	 0.237000 	 0.004000 	 0.010000 	 0.002000 	 0.001000
145 	 3.887000 	 4.037372 	 2.543000 	 0.099000 	 0.172000 	 0.786000 	 0.013000 	 0.021000 	 0.237000 	 0.003000 	 0.011000 	 0.002000 	 0.000000
146 	 3.935000 	 4.036671 	 2.540000 	 0.097000 	 0.173000 	 0.825000 	 0.013000 	 0.021000 	 0.249000 	 0.003000 	 0.011000 	 0.002000 	 0.000000
147 	 3.981000 	 4.036293 	 2.543000 	 0.099000 	 0.172000 	 0.869000 	 0.012000 	 0.023000 	 0.243000 	 0.003000 	 0.012000 	 0.003000 	 0.000000
148 	 4.133000 	 4.036946 	 2.609000 	 0.099000 	 0.172000 	 0.790000 	 0.013000 	 0.021000 	 0.400000 	 0.004000 	 0.018000 	 0.004000 	 0.000000
149 	 4.325000 	 4.038879 	 2.979000 	 0.098000 	 0.171000 	 0.788000 	 0.012000 	 0.021000 	 0.238000 	 0.003000 	 0.011000 	 0.002000 	 0.000000
150 	 3.979000 	 4.038480 	 2.632000 	 0.099000 	 0.172000 	 0.787000 	 0.012000 	 0.021000 	 0.237000 	 0.003000 	 0.011000 	 0.002000 	 0.000000
151 	 3.896000 	 4.037536 	 2.548000 	 0.100000 	 0.171000 	 0.787000 	 0.013000 	 0.021000 	 0.237000 	 0.003000 	 0.011000 	 0.002000 	 0.001000
152 	 3.892000 	 4.036579 	 2.542000 	 0.103000 	 0.172000 	 0.787000 	 0.013000 	 0.021000 	 0.237000 	 0.003000 	 0.011000 	 0.002000 	 0.000000
153 	 4.309000 	 4.038359 	 2.845000 	 0.098000 	 0.174000 	 0.901000 	 0.013000 	 0.021000 	 0.238000 	 0.003000 	 0.011000 	 0.003000 	 0.000000
154 	 3.959000 	 4.037844 	 2.586000 	 0.099000 	 0.173000 	 0.801000 	 0.013000 	 0.021000 	 0.250000 	 0.003000 	 0.011000 	 0.002000 	 0.000000
155 	 3.925000 	 4.037116 	 2.552000 	 0.099000 	 0.172000 	 0.806000 	 0.013000 	 0.021000 	 0.246000 	 0.003000 	 0.011000 	 0.002000 	 0.000000
156 	 3.888000 	 4.036160 	 2.544000 	 0.098000 	 0.173000 	 0.787000 	 0.012000 	 0.021000 	 0.236000 	 0.003000 	 0.011000 	 0.002000 	 0.000000
157 	 4.242000 	 4.037471 	 2.845000 	 0.098000 	 0.174000 	 0.829000 	 0.013000 	 0.022000 	 0.242000 	 0.003000 	 0.011000 	 0.003000 	 0.000000
158 	 4.090000 	 4.037804 	 2.636000 	 0.120000 	 0.171000 	 0.872000 	 0.013000 	 0.021000 	 0.237000 	 0.004000 	 0.010000 	 0.003000 	 0.000000
159 	 3.895000 	 4.036906 	 2.542000 	 0.098000 	 0.174000 	 0.791000 	 0.012000 	 0.021000 	 0.239000 	 0.003000 	 0.011000 	 0.002000 	 0.001000
160 	 3.892000 	 4.036000 	 2.547000 	 0.098000 	 0.172000 	 0.787000 	 0.012000 	 0.021000 	 0.238000 	 0.003000 	 0.011000 	 0.002000 	 0.000000
161 	 4.171000 	 4.036839 	 2.657000 	 0.102000 	 0.262000 	 0.836000 	 0.012000 	 0.022000 	 0.255000 	 0.003000 	 0.011000 	 0.006000 	 0.000000
162 	 4.047000 	 4.036901 	 2.625000 	 0.098000 	 0.173000 	 0.859000 	 0.012000 	 0.022000 	 0.239000 	 0.003000 	 0.011000 	 0.002000 	 0.000000
163 	 4.790000 	 4.041521 	 2.736000 	 0.099000 	 0.220000 	 1.382000 	 0.015000 	 0.039000 	 0.281000 	 0.003000 	 0.011000 	 0.003000 	 0.000000
164 	 3.908000 	 4.040707 	 2.548000 	 0.098000 	 0.173000 	 0.796000 	 0.013000 	 0.021000 	 0.239000 	 0.003000 	 0.011000 	 0.002000 	 0.000000
165 	 4.076000 	 4.040921 	 2.727000 	 0.098000 	 0.172000 	 0.787000 	 0.012000 	 0.022000 	 0.237000 	 0.003000 	 0.011000 	 0.004000 	 0.000000
166 	 3.942000 	 4.040325 	 2.547000 	 0.098000 	 0.173000 	 0.824000 	 0.012000 	 0.022000 	 0.247000 	 0.003000 	 0.011000 	 0.002000 	 0.001000
167 	 4.065000 	 4.040473 	 2.671000 	 0.098000 	 0.174000 	 0.817000 	 0.012000 	 0.021000 	 0.250000 	 0.003000 	 0.011000 	 0.003000 	 0.000000
168 	 4.044000 	 4.040494 	 2.658000 	 0.098000 	 0.171000 	 0.815000 	 0.013000 	 0.021000 	 0.248000 	 0.003000 	 0.011000 	 0.003000 	 0.000000
169 	 4.152000 	 4.041154 	 2.745000 	 0.108000 	 0.205000 	 0.792000 	 0.012000 	 0.022000 	 0.243000 	 0.003000 	 0.011000 	 0.005000 	 0.001000
170 	 4.059000 	 4.041259 	 2.664000 	 0.098000 	 0.173000 	 0.831000 	 0.013000 	 0.021000 	 0.239000 	 0.003000 	 0.011000 	 0.002000 	 0.001000
171 	 3.946000 	 4.040702 	 2.596000 	 0.102000 	 0.171000 	 0.788000 	 0.012000 	 0.021000 	 0.237000 	 0.004000 	 0.010000 	 0.002000 	 0.001000
172 	 3.895000 	 4.039855 	 2.545000 	 0.101000 	 0.173000 	 0.788000 	 0.012000 	 0.022000 	 0.236000 	 0.003000 	 0.011000 	 0.002000 	 0.000000
173 	 4.082000 	 4.040098 	 2.644000 	 0.116000 	 0.177000 	 0.848000 	 0.012000 	 0.021000 	 0.241000 	 0.004000 	 0.010000 	 0.002000 	 0.000000
174 	 3.907000 	 4.039333 	 2.546000 	 0.098000 	 0.175000 	 0.787000 	 0.012000 	 0.021000 	 0.250000 	 0.003000 	 0.011000 	 0.002000 	 0.000000
175 	 3.966000 	 4.038914 	 2.581000 	 0.098000 	 0.173000 	 0.815000 	 0.012000 	 0.021000 	 0.249000 	 0.003000 	 0.011000 	 0.002000 	 0.000000
176 	 3.944000 	 4.038375 	 2.544000 	 0.103000 	 0.172000 	 0.788000 	 0.012000 	 0.021000 	 0.256000 	 0.011000 	 0.030000 	 0.002000 	 0.000000
177 	 3.978000 	 4.038034 	 2.624000 	 0.098000 	 0.171000 	 0.794000 	 0.012000 	 0.021000 	 0.238000 	 0.003000 	 0.011000 	 0.002000 	 0.001000
178 	 4.638000 	 4.041404 	 3.292000 	 0.098000 	 0.173000 	 0.786000 	 0.012000 	 0.021000 	 0.238000 	 0.003000 	 0.011000 	 0.002000 	 0.000000
179 	 3.904000 	 4.040637 	 2.554000 	 0.098000 	 0.172000 	 0.793000 	 0.012000 	 0.021000 	 0.237000 	 0.003000 	 0.011000 	 0.002000 	 0.000000
180 	 3.896000 	 4.039833 	 2.549000 	 0.098000 	 0.173000 	 0.786000 	 0.012000 	 0.022000 	 0.236000 	 0.003000 	 0.013000 	 0.002000 	 0.000000
181 	 4.035000 	 4.039807 	 2.551000 	 0.099000 	 0.173000 	 0.891000 	 0.013000 	 0.022000 	 0.262000 	 0.004000 	 0.011000 	 0.007000 	 0.001000
182 	 3.952000 	 4.039324 	 2.602000 	 0.098000 	 0.173000 	 0.788000 	 0.013000 	 0.021000 	 0.238000 	 0.003000 	 0.011000 	 0.002000 	 0.000000
183 	 3.928000 	 4.038716 	 2.581000 	 0.098000 	 0.173000 	 0.787000 	 0.012000 	 0.021000 	 0.238000 	 0.003000 	 0.010000 	 0.002000 	 0.000000
184 	 3.894000 	 4.037929 	 2.544000 	 0.102000 	 0.170000 	 0.788000 	 0.012000 	 0.021000 	 0.238000 	 0.003000 	 0.011000 	 0.002000 	 0.000000
185 	 3.887000 	 4.037114 	 2.541000 	 0.099000 	 0.172000 	 0.788000 	 0.012000 	 0.021000 	 0.236000 	 0.003000 	 0.011000 	 0.002000 	 0.000000
186 	 3.977000 	 4.036790 	 2.539000 	 0.098000 	 0.173000 	 0.868000 	 0.013000 	 0.022000 	 0.246000 	 0.003000 	 0.011000 	 0.003000 	 0.001000
187 	 4.043000 	 4.036824 	 2.602000 	 0.103000 	 0.172000 	 0.876000 	 0.012000 	 0.021000 	 0.239000 	 0.003000 	 0.011000 	 0.002000 	 0.001000
188 	 4.179000 	 4.037580 	 2.831000 	 0.098000 	 0.171000 	 0.788000 	 0.013000 	 0.021000 	 0.238000 	 0.003000 	 0.011000 	 0.002000 	 0.000000
189 	 3.891000 	 4.036804 	 2.543000 	 0.102000 	 0.173000 	 0.785000 	 0.012000 	 0.021000 	 0.238000 	 0.004000 	 0.010000 	 0.002000 	 0.000000
190 	 4.353000 	 4.038468 	 2.909000 	 0.098000 	 0.172000 	 0.882000 	 0.013000 	 0.022000 	 0.237000 	 0.004000 	 0.010000 	 0.003000 	 0.000000
191 	 3.932000 	 4.037911 	 2.584000 	 0.099000 	 0.172000 	 0.787000 	 0.013000 	 0.021000 	 0.238000 	 0.003000 	 0.011000 	 0.002000 	 0.000000
192 	 3.964000 	 4.037526 	 2.586000 	 0.098000 	 0.171000 	 0.810000 	 0.013000 	 0.021000 	 0.248000 	 0.003000 	 0.010000 	 0.003000 	 0.000000
193 	 3.898000 	 4.036803 	 2.547000 	 0.103000 	 0.172000 	 0.787000 	 0.012000 	 0.022000 	 0.237000 	 0.003000 	 0.011000 	 0.002000 	 0.000000
194 	 3.890000 	 4.036046 	 2.540000 	 0.103000 	 0.172000 	 0.787000 	 0.012000 	 0.021000 	 0.237000 	 0.003000 	 0.011000 	 0.002000 	 0.000000
195 	 3.890000 	 4.035297 	 2.542000 	 0.103000 	 0.172000 	 0.786000 	 0.013000 	 0.021000 	 0.237000 	 0.003000 	 0.011000 	 0.002000 	 0.000000
196 	 4.046000 	 4.035352 	 2.558000 	 0.102000 	 0.185000 	 0.880000 	 0.013000 	 0.022000 	 0.265000 	 0.003000 	 0.012000 	 0.004000 	 0.000000
197 	 3.956000 	 4.034949 	 2.602000 	 0.098000 	 0.173000 	 0.793000 	 0.012000 	 0.021000 	 0.238000 	 0.004000 	 0.011000 	 0.002000 	 0.000000
198 	 4.324000 	 4.036409 	 2.907000 	 0.100000 	 0.186000 	 0.814000 	 0.013000 	 0.022000 	 0.256000 	 0.004000 	 0.011000 	 0.006000 	 0.000000
199 	 3.982000 	 4.036136 	 2.587000 	 0.103000 	 0.172000 	 0.825000 	 0.012000 	 0.022000 	 0.239000 	 0.003000 	 0.011000 	 0.002000 	 0.000000
200 	 3.898000 	 4.035445 	 2.544000 	 0.103000 	 0.173000 	 0.788000 	 0.013000 	 0.021000 	 0.238000 	 0.003000 	 0.011000 	 0.002000 	 0.000000
